          120 IH 
     1.000000000000000       0.0000000000000000E+00   0.0000000000000000E+00
    0.0000000000000000E+00    1.000000000000000       0.0000000000000000E+00
    0.0000000000000000E+00   0.0000000000000000E+00    1.000000000000000    
  
    -1.000000000000000       0.0000000000000000E+00   0.0000000000000000E+00
    0.0000000000000000E+00    1.000000000000000       0.0000000000000000E+00
    0.0000000000000000E+00   0.0000000000000000E+00    1.000000000000000    
  
     1.000000000000000       0.0000000000000000E+00   0.0000000000000000E+00
    0.0000000000000000E+00   -1.000000000000000       0.0000000000000000E+00
    0.0000000000000000E+00   0.0000000000000000E+00    1.000000000000000    
  
     1.000000000000000       0.0000000000000000E+00   0.0000000000000000E+00
    0.0000000000000000E+00    1.000000000000000       0.0000000000000000E+00
    0.0000000000000000E+00   0.0000000000000000E+00   -1.000000000000000    
  
    -1.000000000000000       0.0000000000000000E+00   0.0000000000000000E+00
    0.0000000000000000E+00   -1.000000000000000       0.0000000000000000E+00
    0.0000000000000000E+00   0.0000000000000000E+00    1.000000000000000    
  
    -1.000000000000000       0.0000000000000000E+00   0.0000000000000000E+00
    0.0000000000000000E+00    1.000000000000000       0.0000000000000000E+00
    0.0000000000000000E+00   0.0000000000000000E+00   -1.000000000000000    
  
     1.000000000000000       0.0000000000000000E+00   0.0000000000000000E+00
    0.0000000000000000E+00   -1.000000000000000       0.0000000000000000E+00
    0.0000000000000000E+00   0.0000000000000000E+00   -1.000000000000000    
  
    -1.000000000000000       0.0000000000000000E+00   0.0000000000000000E+00
    0.0000000000000000E+00   -1.000000000000000       0.0000000000000000E+00
    0.0000000000000000E+00   0.0000000000000000E+00   -1.000000000000000    
  
    0.0000000000000000E+00   0.0000000000000000E+00    1.000000000000000    
     1.000000000000000       0.0000000000000000E+00   0.0000000000000000E+00
    0.0000000000000000E+00    1.000000000000000       0.0000000000000000E+00
  
    0.0000000000000000E+00   0.0000000000000000E+00    1.000000000000000    
    -1.000000000000000       0.0000000000000000E+00   0.0000000000000000E+00
    0.0000000000000000E+00    1.000000000000000       0.0000000000000000E+00
  
    0.0000000000000000E+00   0.0000000000000000E+00    1.000000000000000    
     1.000000000000000       0.0000000000000000E+00   0.0000000000000000E+00
    0.0000000000000000E+00   -1.000000000000000       0.0000000000000000E+00
  
    0.0000000000000000E+00   0.0000000000000000E+00   -1.000000000000000    
     1.000000000000000       0.0000000000000000E+00   0.0000000000000000E+00
    0.0000000000000000E+00    1.000000000000000       0.0000000000000000E+00
  
    0.0000000000000000E+00   0.0000000000000000E+00    1.000000000000000    
    -1.000000000000000       0.0000000000000000E+00   0.0000000000000000E+00
    0.0000000000000000E+00   -1.000000000000000       0.0000000000000000E+00
  
    0.0000000000000000E+00   0.0000000000000000E+00   -1.000000000000000    
    -1.000000000000000       0.0000000000000000E+00   0.0000000000000000E+00
    0.0000000000000000E+00    1.000000000000000       0.0000000000000000E+00
  
    0.0000000000000000E+00   0.0000000000000000E+00   -1.000000000000000    
     1.000000000000000       0.0000000000000000E+00   0.0000000000000000E+00
    0.0000000000000000E+00   -1.000000000000000       0.0000000000000000E+00
  
    0.0000000000000000E+00   0.0000000000000000E+00   -1.000000000000000    
    -1.000000000000000       0.0000000000000000E+00   0.0000000000000000E+00
    0.0000000000000000E+00   -1.000000000000000       0.0000000000000000E+00
  
    0.0000000000000000E+00    1.000000000000000       0.0000000000000000E+00
    0.0000000000000000E+00   0.0000000000000000E+00    1.000000000000000    
     1.000000000000000       0.0000000000000000E+00   0.0000000000000000E+00
  
    0.0000000000000000E+00    1.000000000000000       0.0000000000000000E+00
    0.0000000000000000E+00   0.0000000000000000E+00    1.000000000000000    
    -1.000000000000000       0.0000000000000000E+00   0.0000000000000000E+00
  
    0.0000000000000000E+00   -1.000000000000000       0.0000000000000000E+00
    0.0000000000000000E+00   0.0000000000000000E+00    1.000000000000000    
     1.000000000000000       0.0000000000000000E+00   0.0000000000000000E+00
  
    0.0000000000000000E+00    1.000000000000000       0.0000000000000000E+00
    0.0000000000000000E+00   0.0000000000000000E+00   -1.000000000000000    
     1.000000000000000       0.0000000000000000E+00   0.0000000000000000E+00
  
    0.0000000000000000E+00   -1.000000000000000       0.0000000000000000E+00
    0.0000000000000000E+00   0.0000000000000000E+00    1.000000000000000    
    -1.000000000000000       0.0000000000000000E+00   0.0000000000000000E+00
  
    0.0000000000000000E+00    1.000000000000000       0.0000000000000000E+00
    0.0000000000000000E+00   0.0000000000000000E+00   -1.000000000000000    
    -1.000000000000000       0.0000000000000000E+00   0.0000000000000000E+00
  
    0.0000000000000000E+00   -1.000000000000000       0.0000000000000000E+00
    0.0000000000000000E+00   0.0000000000000000E+00   -1.000000000000000    
     1.000000000000000       0.0000000000000000E+00   0.0000000000000000E+00
  
    0.0000000000000000E+00   -1.000000000000000       0.0000000000000000E+00
    0.0000000000000000E+00   0.0000000000000000E+00   -1.000000000000000    
    -1.000000000000000       0.0000000000000000E+00   0.0000000000000000E+00
  
    0.3090169943749474      -0.5000000000000000       0.8090169943749475    
    0.5000000000000000       0.8090169943749475       0.3090169943749474    
   -0.8090169943749475       0.3090169943749474       0.5000000000000000    
  
   -0.3090169943749474      -0.5000000000000000       0.8090169943749475    
   -0.5000000000000000       0.8090169943749475       0.3090169943749474    
    0.8090169943749475       0.3090169943749474       0.5000000000000000    
  
    0.3090169943749474       0.5000000000000000       0.8090169943749475    
    0.5000000000000000      -0.8090169943749475       0.3090169943749474    
   -0.8090169943749475      -0.3090169943749474       0.5000000000000000    
  
    0.3090169943749474      -0.5000000000000000      -0.8090169943749475    
    0.5000000000000000       0.8090169943749475      -0.3090169943749474    
   -0.8090169943749475       0.3090169943749474      -0.5000000000000000    
  
   -0.3090169943749474       0.5000000000000000       0.8090169943749475    
   -0.5000000000000000      -0.8090169943749475       0.3090169943749474    
    0.8090169943749475      -0.3090169943749474       0.5000000000000000    
  
   -0.3090169943749474      -0.5000000000000000      -0.8090169943749475    
   -0.5000000000000000       0.8090169943749475      -0.3090169943749474    
    0.8090169943749475       0.3090169943749474      -0.5000000000000000    
  
    0.3090169943749474       0.5000000000000000      -0.8090169943749475    
    0.5000000000000000      -0.8090169943749475      -0.3090169943749474    
   -0.8090169943749475      -0.3090169943749474      -0.5000000000000000    
  
   -0.3090169943749474       0.5000000000000000      -0.8090169943749475    
   -0.5000000000000000      -0.8090169943749475      -0.3090169943749474    
    0.8090169943749475      -0.3090169943749474      -0.5000000000000000    
  
   -0.5000000000000000       0.8090169943749475       0.3090169943749474    
    0.8090169943749475       0.3090169943749474       0.5000000000000000    
    0.3090169943749474       0.5000000000000000      -0.8090169943749475    
  
    0.5000000000000000       0.8090169943749475       0.3090169943749474    
   -0.8090169943749475       0.3090169943749474       0.5000000000000000    
   -0.3090169943749474       0.5000000000000000      -0.8090169943749475    
  
   -0.5000000000000000      -0.8090169943749475       0.3090169943749474    
    0.8090169943749475      -0.3090169943749474       0.5000000000000000    
    0.3090169943749474      -0.5000000000000000      -0.8090169943749475    
  
   -0.5000000000000000       0.8090169943749475      -0.3090169943749474    
    0.8090169943749475       0.3090169943749474      -0.5000000000000000    
    0.3090169943749474       0.5000000000000000       0.8090169943749475    
  
    0.5000000000000000      -0.8090169943749475       0.3090169943749474    
   -0.8090169943749475      -0.3090169943749474       0.5000000000000000    
   -0.3090169943749474      -0.5000000000000000      -0.8090169943749475    
  
    0.5000000000000000       0.8090169943749475      -0.3090169943749474    
   -0.8090169943749475       0.3090169943749474      -0.5000000000000000    
   -0.3090169943749474       0.5000000000000000       0.8090169943749475    
  
   -0.5000000000000000      -0.8090169943749475      -0.3090169943749474    
    0.8090169943749475      -0.3090169943749474      -0.5000000000000000    
    0.3090169943749474      -0.5000000000000000       0.8090169943749475    
  
    0.5000000000000000      -0.8090169943749475      -0.3090169943749474    
   -0.8090169943749475      -0.3090169943749474      -0.5000000000000000    
   -0.3090169943749474      -0.5000000000000000       0.8090169943749475    
  
    0.8090169943749475       0.3090169943749474      -0.5000000000000000    
    0.3090169943749474       0.5000000000000000       0.8090169943749475    
    0.5000000000000000      -0.8090169943749475       0.3090169943749474    
  
   -0.8090169943749475       0.3090169943749474      -0.5000000000000000    
   -0.3090169943749474       0.5000000000000000       0.8090169943749475    
   -0.5000000000000000      -0.8090169943749475       0.3090169943749474    
  
    0.8090169943749475      -0.3090169943749474      -0.5000000000000000    
    0.3090169943749474      -0.5000000000000000       0.8090169943749475    
    0.5000000000000000       0.8090169943749475       0.3090169943749474    
  
    0.8090169943749475       0.3090169943749474       0.5000000000000000    
    0.3090169943749474       0.5000000000000000      -0.8090169943749475    
    0.5000000000000000      -0.8090169943749475      -0.3090169943749474    
  
   -0.8090169943749475      -0.3090169943749474      -0.5000000000000000    
   -0.3090169943749474      -0.5000000000000000       0.8090169943749475    
   -0.5000000000000000       0.8090169943749475       0.3090169943749474    
  
   -0.8090169943749475       0.3090169943749474       0.5000000000000000    
   -0.3090169943749474       0.5000000000000000      -0.8090169943749475    
   -0.5000000000000000      -0.8090169943749475      -0.3090169943749474    
  
    0.8090169943749475      -0.3090169943749474       0.5000000000000000    
    0.3090169943749474      -0.5000000000000000      -0.8090169943749475    
    0.5000000000000000       0.8090169943749475      -0.3090169943749474    
  
   -0.8090169943749475      -0.3090169943749474       0.5000000000000000    
   -0.3090169943749474      -0.5000000000000000      -0.8090169943749475    
   -0.5000000000000000       0.8090169943749475      -0.3090169943749474    
  
   -0.3090169943749474       0.5000000000000000      -0.8090169943749475    
    0.5000000000000000       0.8090169943749475       0.3090169943749474    
   -0.8090169943749475       0.3090169943749474       0.5000000000000000    
  
    0.3090169943749474      -0.5000000000000000       0.8090169943749475    
   -0.5000000000000000      -0.8090169943749475      -0.3090169943749474    
   -0.8090169943749475       0.3090169943749474       0.5000000000000000    
  
    0.3090169943749474      -0.5000000000000000       0.8090169943749475    
    0.5000000000000000       0.8090169943749475       0.3090169943749474    
    0.8090169943749475      -0.3090169943749474      -0.5000000000000000    
  
   -0.3090169943749474       0.5000000000000000      -0.8090169943749475    
   -0.5000000000000000      -0.8090169943749475      -0.3090169943749474    
   -0.8090169943749475       0.3090169943749474       0.5000000000000000    
  
   -0.3090169943749474       0.5000000000000000      -0.8090169943749475    
    0.5000000000000000       0.8090169943749475       0.3090169943749474    
    0.8090169943749475      -0.3090169943749474      -0.5000000000000000    
  
    0.3090169943749474      -0.5000000000000000       0.8090169943749475    
   -0.5000000000000000      -0.8090169943749475      -0.3090169943749474    
    0.8090169943749475      -0.3090169943749474      -0.5000000000000000    
  
   -0.8090169943749475       0.3090169943749474       0.5000000000000000    
    0.3090169943749474      -0.5000000000000000       0.8090169943749475    
    0.5000000000000000       0.8090169943749475       0.3090169943749474    
  
   -0.8090169943749475       0.3090169943749474       0.5000000000000000    
   -0.3090169943749474       0.5000000000000000      -0.8090169943749475    
    0.5000000000000000       0.8090169943749475       0.3090169943749474    
  
   -0.8090169943749475       0.3090169943749474       0.5000000000000000    
    0.3090169943749474      -0.5000000000000000       0.8090169943749475    
   -0.5000000000000000      -0.8090169943749475      -0.3090169943749474    
  
    0.8090169943749475      -0.3090169943749474      -0.5000000000000000    
   -0.3090169943749474       0.5000000000000000      -0.8090169943749475    
    0.5000000000000000       0.8090169943749475       0.3090169943749474    
  
    0.8090169943749475      -0.3090169943749474      -0.5000000000000000    
    0.3090169943749474      -0.5000000000000000       0.8090169943749475    
   -0.5000000000000000      -0.8090169943749475      -0.3090169943749474    
  
    0.8090169943749475      -0.3090169943749474      -0.5000000000000000    
   -0.3090169943749474       0.5000000000000000      -0.8090169943749475    
   -0.5000000000000000      -0.8090169943749475      -0.3090169943749474    
  
    0.5000000000000000       0.8090169943749475       0.3090169943749474    
   -0.8090169943749475       0.3090169943749474       0.5000000000000000    
    0.3090169943749474      -0.5000000000000000       0.8090169943749475    
  
   -0.5000000000000000      -0.8090169943749475      -0.3090169943749474    
   -0.8090169943749475       0.3090169943749474       0.5000000000000000    
    0.3090169943749474      -0.5000000000000000       0.8090169943749475    
  
    0.5000000000000000       0.8090169943749475       0.3090169943749474    
    0.8090169943749475      -0.3090169943749474      -0.5000000000000000    
    0.3090169943749474      -0.5000000000000000       0.8090169943749475    
  
   -0.5000000000000000      -0.8090169943749475      -0.3090169943749474    
   -0.8090169943749475       0.3090169943749474       0.5000000000000000    
   -0.3090169943749474       0.5000000000000000      -0.8090169943749475    
  
    0.5000000000000000       0.8090169943749475       0.3090169943749474    
    0.8090169943749475      -0.3090169943749474      -0.5000000000000000    
   -0.3090169943749474       0.5000000000000000      -0.8090169943749475    
  
   -0.5000000000000000      -0.8090169943749475      -0.3090169943749474    
    0.8090169943749475      -0.3090169943749474      -0.5000000000000000    
   -0.3090169943749474       0.5000000000000000      -0.8090169943749475    
  
   -0.8090169943749475      -0.3090169943749475       0.5000000000000000    
    0.3090169943749475       0.5000000000000000       0.8090169943749475    
   -0.5000000000000000       0.8090169943749475      -0.3090169943749475    
  
    0.3090169943749474       0.5000000000000000      -0.8090169943749475    
   -0.5000000000000000       0.8090169943749475       0.3090169943749474    
    0.8090169943749475       0.3090169943749474       0.5000000000000000    
  
   -0.3090169943749474      -0.5000000000000000       0.8090169943749475    
    0.5000000000000000      -0.8090169943749475      -0.3090169943749474    
    0.8090169943749475       0.3090169943749474       0.5000000000000000    
  
   -0.3090169943749474      -0.5000000000000000       0.8090169943749475    
   -0.5000000000000000       0.8090169943749475       0.3090169943749474    
   -0.8090169943749475      -0.3090169943749474      -0.5000000000000000    
  
    0.3090169943749474       0.5000000000000000      -0.8090169943749475    
    0.5000000000000000      -0.8090169943749475      -0.3090169943749474    
    0.8090169943749475       0.3090169943749474       0.5000000000000000    
  
    0.3090169943749474       0.5000000000000000      -0.8090169943749475    
   -0.5000000000000000       0.8090169943749475       0.3090169943749474    
   -0.8090169943749475      -0.3090169943749474      -0.5000000000000000    
  
   -0.3090169943749474      -0.5000000000000000       0.8090169943749475    
    0.5000000000000000      -0.8090169943749475      -0.3090169943749474    
   -0.8090169943749475      -0.3090169943749474      -0.5000000000000000    
  
    0.8090169943749475       0.3090169943749474       0.5000000000000000    
   -0.3090169943749474      -0.5000000000000000       0.8090169943749475    
   -0.5000000000000000       0.8090169943749475       0.3090169943749474    
  
    0.8090169943749475       0.3090169943749474       0.5000000000000000    
    0.3090169943749474       0.5000000000000000      -0.8090169943749475    
   -0.5000000000000000       0.8090169943749475       0.3090169943749474    
  
    0.8090169943749475       0.3090169943749474       0.5000000000000000    
   -0.3090169943749474      -0.5000000000000000       0.8090169943749475    
    0.5000000000000000      -0.8090169943749475      -0.3090169943749474    
  
   -0.8090169943749475      -0.3090169943749474      -0.5000000000000000    
    0.3090169943749474       0.5000000000000000      -0.8090169943749475    
   -0.5000000000000000       0.8090169943749475       0.3090169943749474    
  
   -0.8090169943749475      -0.3090169943749474      -0.5000000000000000    
   -0.3090169943749474      -0.5000000000000000       0.8090169943749475    
    0.5000000000000000      -0.8090169943749475      -0.3090169943749474    
  
   -0.8090169943749475      -0.3090169943749474      -0.5000000000000000    
    0.3090169943749474       0.5000000000000000      -0.8090169943749475    
    0.5000000000000000      -0.8090169943749475      -0.3090169943749474    
  
   -0.5000000000000000       0.8090169943749475       0.3090169943749474    
    0.8090169943749475       0.3090169943749474       0.5000000000000000    
   -0.3090169943749474      -0.5000000000000000       0.8090169943749475    
  
    0.5000000000000000      -0.8090169943749475      -0.3090169943749474    
    0.8090169943749475       0.3090169943749474       0.5000000000000000    
   -0.3090169943749474      -0.5000000000000000       0.8090169943749475    
  
   -0.5000000000000000       0.8090169943749475       0.3090169943749474    
   -0.8090169943749475      -0.3090169943749474      -0.5000000000000000    
   -0.3090169943749474      -0.5000000000000000       0.8090169943749475    
  
    0.5000000000000000      -0.8090169943749475      -0.3090169943749474    
    0.8090169943749475       0.3090169943749474       0.5000000000000000    
    0.3090169943749474       0.5000000000000000      -0.8090169943749475    
  
   -0.5000000000000000       0.8090169943749475       0.3090169943749474    
   -0.8090169943749475      -0.3090169943749474      -0.5000000000000000    
    0.3090169943749474       0.5000000000000000      -0.8090169943749475    
  
    0.5000000000000000      -0.8090169943749475      -0.3090169943749474    
   -0.8090169943749475      -0.3090169943749474      -0.5000000000000000    
    0.3090169943749474       0.5000000000000000      -0.8090169943749475    
  
    0.8090169943749475      -0.3090169943749475       0.5000000000000000    
   -0.3090169943749475       0.5000000000000000       0.8090169943749475    
    0.5000000000000000       0.8090169943749475      -0.3090169943749475    
  
   -0.3090169943749474      -0.5000000000000000      -0.8090169943749475    
    0.5000000000000000      -0.8090169943749475       0.3090169943749474    
   -0.8090169943749475      -0.3090169943749474       0.5000000000000000    
  
    0.3090169943749474       0.5000000000000000       0.8090169943749475    
   -0.5000000000000000       0.8090169943749475      -0.3090169943749474    
   -0.8090169943749475      -0.3090169943749474       0.5000000000000000    
  
    0.3090169943749474       0.5000000000000000       0.8090169943749475    
    0.5000000000000000      -0.8090169943749475       0.3090169943749474    
    0.8090169943749475       0.3090169943749474      -0.5000000000000000    
  
   -0.3090169943749474      -0.5000000000000000      -0.8090169943749475    
   -0.5000000000000000       0.8090169943749475      -0.3090169943749474    
   -0.8090169943749475      -0.3090169943749474       0.5000000000000000    
  
   -0.3090169943749474      -0.5000000000000000      -0.8090169943749475    
    0.5000000000000000      -0.8090169943749475       0.3090169943749474    
    0.8090169943749475       0.3090169943749474      -0.5000000000000000    
  
    0.3090169943749474       0.5000000000000000       0.8090169943749475    
   -0.5000000000000000       0.8090169943749475      -0.3090169943749474    
    0.8090169943749475       0.3090169943749474      -0.5000000000000000    
  
   -0.8090169943749475      -0.3090169943749474       0.5000000000000000    
    0.3090169943749474       0.5000000000000000       0.8090169943749475    
    0.5000000000000000      -0.8090169943749475       0.3090169943749474    
  
   -0.8090169943749475      -0.3090169943749474       0.5000000000000000    
   -0.3090169943749474      -0.5000000000000000      -0.8090169943749475    
    0.5000000000000000      -0.8090169943749475       0.3090169943749474    
  
    0.8090169943749475       0.3090169943749474      -0.5000000000000000    
   -0.3090169943749474      -0.5000000000000000      -0.8090169943749475    
    0.5000000000000000      -0.8090169943749475       0.3090169943749474    
  
    0.8090169943749475       0.3090169943749474      -0.5000000000000000    
    0.3090169943749474       0.5000000000000000       0.8090169943749475    
   -0.5000000000000000       0.8090169943749475      -0.3090169943749474    
  
    0.8090169943749475       0.3090169943749474      -0.5000000000000000    
   -0.3090169943749474      -0.5000000000000000      -0.8090169943749475    
   -0.5000000000000000       0.8090169943749475      -0.3090169943749474    
  
    0.5000000000000000      -0.8090169943749475       0.3090169943749474    
   -0.8090169943749475      -0.3090169943749474       0.5000000000000000    
    0.3090169943749474       0.5000000000000000       0.8090169943749475    
  
   -0.5000000000000000       0.8090169943749475      -0.3090169943749474    
   -0.8090169943749475      -0.3090169943749474       0.5000000000000000    
    0.3090169943749474       0.5000000000000000       0.8090169943749475    
  
    0.5000000000000000      -0.8090169943749475       0.3090169943749474    
    0.8090169943749475       0.3090169943749474      -0.5000000000000000    
    0.3090169943749474       0.5000000000000000       0.8090169943749475    
  
   -0.5000000000000000       0.8090169943749475      -0.3090169943749474    
   -0.8090169943749475      -0.3090169943749474       0.5000000000000000    
   -0.3090169943749474      -0.5000000000000000      -0.8090169943749475    
  
    0.5000000000000000      -0.8090169943749475       0.3090169943749474    
    0.8090169943749475       0.3090169943749474      -0.5000000000000000    
   -0.3090169943749474      -0.5000000000000000      -0.8090169943749475    
  
   -0.5000000000000000       0.8090169943749475      -0.3090169943749474    
    0.8090169943749475       0.3090169943749474      -0.5000000000000000    
   -0.3090169943749474      -0.5000000000000000      -0.8090169943749475    
  
   -0.3090169943749474       0.5000000000000000       0.8090169943749475    
    0.5000000000000000       0.8090169943749475      -0.3090169943749474    
   -0.8090169943749475       0.3090169943749474      -0.5000000000000000    
  
    0.3090169943749474      -0.5000000000000000      -0.8090169943749475    
   -0.5000000000000000      -0.8090169943749475       0.3090169943749474    
   -0.8090169943749475       0.3090169943749474      -0.5000000000000000    
  
    0.3090169943749474      -0.5000000000000000      -0.8090169943749475    
    0.5000000000000000       0.8090169943749475      -0.3090169943749474    
    0.8090169943749475      -0.3090169943749474       0.5000000000000000    
  
   -0.3090169943749474       0.5000000000000000       0.8090169943749475    
   -0.5000000000000000      -0.8090169943749475       0.3090169943749474    
   -0.8090169943749475       0.3090169943749474      -0.5000000000000000    
  
   -0.3090169943749474       0.5000000000000000       0.8090169943749475    
    0.5000000000000000       0.8090169943749475      -0.3090169943749474    
    0.8090169943749475      -0.3090169943749474       0.5000000000000000    
  
    0.3090169943749474      -0.5000000000000000      -0.8090169943749475    
   -0.5000000000000000      -0.8090169943749475       0.3090169943749474    
    0.8090169943749475      -0.3090169943749474       0.5000000000000000    
  
   -0.8090169943749475       0.3090169943749474      -0.5000000000000000    
    0.3090169943749474      -0.5000000000000000      -0.8090169943749475    
    0.5000000000000000       0.8090169943749475      -0.3090169943749474    
  
   -0.8090169943749475       0.3090169943749474      -0.5000000000000000    
   -0.3090169943749474       0.5000000000000000       0.8090169943749475    
    0.5000000000000000       0.8090169943749475      -0.3090169943749474    
  
   -0.8090169943749475       0.3090169943749474      -0.5000000000000000    
    0.3090169943749474      -0.5000000000000000      -0.8090169943749475    
   -0.5000000000000000      -0.8090169943749475       0.3090169943749474    
  
    0.8090169943749475      -0.3090169943749474       0.5000000000000000    
    0.3090169943749474      -0.5000000000000000      -0.8090169943749475    
   -0.5000000000000000      -0.8090169943749475       0.3090169943749474    
  
    0.8090169943749475      -0.3090169943749474       0.5000000000000000    
   -0.3090169943749474       0.5000000000000000       0.8090169943749475    
   -0.5000000000000000      -0.8090169943749475       0.3090169943749474    
  
    0.5000000000000000       0.8090169943749475      -0.3090169943749474    
   -0.8090169943749475       0.3090169943749474      -0.5000000000000000    
    0.3090169943749474      -0.5000000000000000      -0.8090169943749475    
  
   -0.5000000000000000      -0.8090169943749475       0.3090169943749474    
   -0.8090169943749475       0.3090169943749474      -0.5000000000000000    
    0.3090169943749474      -0.5000000000000000      -0.8090169943749475    
  
    0.5000000000000000       0.8090169943749475      -0.3090169943749474    
    0.8090169943749475      -0.3090169943749474       0.5000000000000000    
    0.3090169943749474      -0.5000000000000000      -0.8090169943749475    
  
   -0.5000000000000000      -0.8090169943749475       0.3090169943749474    
   -0.8090169943749475       0.3090169943749474      -0.5000000000000000    
   -0.3090169943749474       0.5000000000000000       0.8090169943749475    
  
    0.5000000000000000       0.8090169943749475      -0.3090169943749474    
    0.8090169943749475      -0.3090169943749474       0.5000000000000000    
   -0.3090169943749474       0.5000000000000000       0.8090169943749475    
  
   -0.5000000000000000      -0.8090169943749475       0.3090169943749474    
    0.8090169943749475      -0.3090169943749474       0.5000000000000000    
   -0.3090169943749474       0.5000000000000000       0.8090169943749475    
  
